 tree.obj 15.0 0.0 15.0 1.0 1.0 1.0 0.0 0.0 0.0 0.0
 tree.obj 30.0 0.0 0.5 1.0 1.0 1.0 0.0 0.0 0.0 0.0
 tree.obj 10.0 0.0 0.0 1.0 1.0 1.0 0.0 0.0 0.0 0.0
 tree.obj 100.0 0.0 5.0 1.0 1.0 1.0 0.0 0.0 0.0 0.0
 tree.obj -5.0 0.0 10.0 1.0 1.0 1.0 0.0 0.0 0.0 0.0
 tree.obj 10.0 0.0 15.0 1.0 1.0 1.0 0.0 0.0 0.0 0.0
 tree.obj -3.0 0.0 25.0 1.0 1.0 1.0 0.0 0.0 0.0 0.0
 tree.obj 2.0 0.0 5.0 1.0 1.0 1.0 0.0 0.0 0.0 0.0
 tree.obj -300.0 0.0 250.0 1.0 1.0 1.0 0.0 0.0 0.0 0.0
 tree.obj 20.0 0.0 50.0 1.0 1.0 1.0 0.0 0.0 0.0 0.0
 tree.obj 5.0 0.0 15.0 1.0 1.0 1.0 0.0 0.0 0.0 0.0
 tree.obj 9.0 0.0 11.5 1.0 1.0 1.0 0.0 0.0 0.0 0.0
 tree.obj 6.0 0.0 8.0 1.0 1.0 1.0 0.0 0.0 0.0 0.0
 tree.obj -7.0 0.0 -4.0 1.0 1.0 1.0 0.0 0.0 0.0 0.0
 tree.obj -15.0 0.0 10.0 1.0 1.0 1.0 0.0 0.0 0.0 0.0
 tree.obj 12.0 0.0 -23.0 1.0 1.0 1.0 0.0 0.0 0.0 0.0
 tree.obj 3.0 0.0 -25.0 1.0 1.0 1.0 0.0 0.0 0.0 0.0
 tree.obj 13.0 0.0 0.0 1.0 1.0 1.0 0.0 0.0 0.0 0.0
 tree.obj -10.0 0.0 0.1 1.0 1.0 1.0 0.0 0.0 0.0 0.0
 tree.obj 20.0 0.0 -10.0 1.0 1.0 1.0 0.0 0.0 0.0 0.0
 house.obj 1.0 -1.0 10.0 1.0 1.0 1.0 180.0 0.0 1.0 0.0
 statue.obj -5.0 -0.5 2.0 5.0 5.0 5.0 150.0 0.0 1.0 0.0